artic_trade={
	location=2595
	color={
		240 240 240 
	}
	outgoing={
		name="alaskan_trade"
		path={
			1460 1462 
		}
		control={
			662.000000 2014.000000 
		}
	}
	outgoing={
		name="rockies_trade"
		path={
			1460 1462 
		}
		control={
			1054.000000 1852.000000 
		}
	}
	outgoing={
		name="piyii_path_trade"
		path={
			1460 1462 
		}
		control={
			1121.000000 1847.000000 
		}
	}
	outgoing={
		name="hudson_bay_trade"
		path={
			1460 1462 
		}
		control={
			1261.000000 1890.000000 
		}
	}
	members={
		2340 2341 2343 2613 2344 2345 2346 2349 2347 2348 2356 2351 2359 2355 2360 2361 2357 2363 2362 2358 2354 2353 2352 2364 2367 2368 2369 2365 2366 2370 2371 2373 2374 2601 2207 2600 2205 2599 2160 2595 2166 1813 2161 2102 2103 2104 2106 
	}
}
patagonia_trade={
	location=778
	color={
		116 172 223 
	}
	outgoing={
		name="brazil_trade"
		path={
			2848 2852 2879 1347 1608 1533 763 
		}
		control={
			1933.000000 276.000000 2018.000000 340.000000 2086.000000 413.000000 2108.000000 469.000000 
		}
	}
	outgoing={
		name="malay_trade"
		path={
			2848 790 1531 2839 793 4392 4387 1382 4335 
		}
		control={
			1892.000000 331.000000 1899.000000 346.000000 1907.000000 376.000000 1787.000000 477.000000 1741.000000 558.000000 1722.000000 569.000000 
		}
	}
	members={
		781 782 2869 1095 2025 780 786 2868 2863 2870 2875 2876 2843 2844 2845 2847 2877 791 785 2867 2871 2872 779 2860 2861 2865 2866 778 2846 2848 2849 2842 772 773 2850 2851 2852 784 787 2862 792 783 2873 2874 2836 2857 2879 
	}
}
orinoco_trade={
	location=2803
	color={
		158 111 93 
	}
	outgoing={
		name="colombia_trade"
		path={
			2805 4616 831 4612 4609 4611 4610 4249 4600 827 
		}
		control={
			1756.000000 1008.000000 1679.000000 989.000000 1673.000000 1008.000000 1643.000000 1009.000000 1634.000000 989.000000 
		}
	}
	outgoing={
		name="ecuador_trail_trade"
		path={
			2804 742 4617 4313 4311 4309 815 4326 2945 
		}
		control={
			1826.000000 1002.000000 1771.000000 991.000000 1753.000000 970.000000 1750.000000 933.000000 1707.000000 915.000000 1667.000000 832.000000 
		}
	}
	outgoing={
		name="new_philippines_trade"
		path={
			1527 745 746 2938 747 2890 2929 1357 1633 
		}
		control={
			1852.000000 939.000000 1929.000000 835.000000 1966.000000 786.000000 1993.000000 773.000000 2009.000000 751.000000 
		}
	}
	outgoing={
		name="antillean_trade"
		path={
			1522 1523 
		}
		control={
			1837.000000 1035.000000 1844.000000 1049.000000 1829.000000 1070.000000 
		}
	}
	members={
		2803 2805 4615 2939 2809 4613 834 4284 4282 2811 2810 4614 2812 4254 4256 4255 2814 2815 4617 4281 4275 4313 2816 1802 4602 4253 4603 4272 4608 822 4274 2813 
	}
}
victoria_trade={
	location=1649
	color={
		130 126 0 
	}
	outgoing={
		name="new_oceania_trade"
		path={
			1089 4464 1091 1092 1411 1412 1430 1433 1732 1735 1697 
		}
		control={
			5055.000000 56.000000 5126.000000 75.000000 5219.000000 163.000000 5345.000000 338.000000 5416.000000 444.000000 
		}
	}
	members={
		1085 4433 4432 4434 1087 4435 4436 4438 1088 4441 4440 4463 4444 4443 2735 4449 1086 4446 4447 4466 1089 4445 4457 4450 4455 2736 4452 4458 4453 4451 2734 4462 4464 4465 1090 4467 4477 4475 4474 4468 4470 4471 1092 4473 4478 1093 4472 1091 1094 4479 2733 1649 
	}
}
new_philippines_trade={
	location=1633
	color={
		0 56 168 
	}
	outgoing={
		name="brazil_trade"
		path={
			2909 758 1399 1533 763 
		}
		control={
			2006.000000 740.000000 2001.000000 728.000000 1981.000000 665.000000 2063.000000 603.000000 2095.000000 613.000000 2108.000000 534.000000 
		}
	}
	outgoing={
		name="antillean_trade"
		path={
			4345 4339 2930 4315 744 743 2803 1522 1523 
		}
		control={
			2025.000000 765.000000 2035.000000 791.000000 2035.000000 917.000000 1867.000000 1058.000000 1845.000000 1073.000000 
		}
	}
	members={
		4362 4361 4354 4365 4363 4370 1803 4369 2910 4368 4353 4350 4345 4351 4352 4349 4343 4344 4339 4340 2930 2935 747 2890 2929 4312 2934 2933 4314 4315 2936 2938 746 2937 745 744 2931 2804 742 2889 743 4355 4356 1633 
	}
}
intermarium_ruins_trade={
	location=293
	color={
		154 69 116 
	}
	outgoing={
		name="the_great_north_trade"
		path={
			38 1258 1267 
		}
		control={
			3270.000000 1738.000000 3175.000000 1725.000000 3100.000000 1650.000000 3000.000000 1625.000000 2950.000000 1700.000000 
		}
	}
	outgoing={
		name="mediterranean_trade"
		path={
			260 153 
		}
		control={
			3287.000000 1400.000000 3200.000000 1300.000000 
		}
	}
	outgoing={
		name="occident_interior_trade"
		path={
			283 
		}
		control={
			3377.000000 1424.000000 
		}
	}
	members={
		40 270 272 275 1752 310 38 36 33 295 272 278 280 281 2961 260 269 257 262 264 1939 2963 1859 4236 1772 1318 162 158 4127 4125 156 4176 161 268 1943 289 293 4115 2411 4116 301 467 466 463 154 2208 
	}
}
the_inner_kingdom_trade={
	location=700
	color={
		151 232 155 
	}
	outgoing={
		name="south_china_sea_trade"
		path={
			1375 1373 1372 
		}
		control={
			4533.000000 1028.000000 
		}
	}
	outgoing={
		name="yellow_sea_trade"
		path={
			1375 1373 1372 
		}
		control={
			4624.000000 1292.000000 
		}
	}
	members={
		697 2177 693 2178 692 694 2179 2181 698 699 2182 2184 688 2175 687 2171 1836 700 689 4198 2180 2183 2170 4197 682 2172 681 680 4211 2169 679 4212 4213 671 672 2173 2174 673 4199 2168 674 2748 662 2167 661 683 1833 
	}
}
yellow_sea_trade={
	location=1374
	color={
		232 131 0 
	}
	outgoing={
		name="new_oceania_trade"
		path={
			1375 1373 1372 
		}
		control={
			4834.000000 1169.000000 37.000000 1050.000000 
		}
	}
	members={
		1824 2150 2148 2149 684 2147 2146 1822 2145 1821 685 2151 2147 686 1838 2142 2143 2144 2176 2141 4196 2140 690 2139 691 2138 2137 4195 696 1816 2136 703 4194 2744 2743 1845 732 735 2694 734 1013 4228 4227 695 1374 
	}
}
south_china_sea_trade={
	location=1370
	color={
		107 4 0 
	}
	outgoing={
		name="bengali_bay_trade"
		path={
			1345 
		}
		control={
			4346.000000 891.000000 
		}
	}
	outgoing={
		name="new_oceania_trade"
		path={
			1375 1373 1372 
		}
		control={
			4782.000000 919.000000 79.000000 970.000000 
		}
	}
	members={
		586 585 589 601 602 614 615 611 610 613 2372 2164 2159 2162 665 666 667 2157 2156 1829 2152 669 2155 738 2153 670 2158 1840 2163 664 663 2165 583 660 587 588 584 2399 581 2400 2041 582 2396 1370 
	}
}
new_oceania_trade={
	location=1697
	color={
		134 154 158 
	}
	outgoing={
		name="malay_trade"
		path={
			1736 1740 1711 1708 1709 1703 1544 4383 2840 4386 1382 4335 
		}
		control={
			1434.000000 711.000000 1615.000000 674.000000 1635.000000 640.000000 1699.000000 578.000000 
		}
	}
	outgoing={
		name="alaskan_trade"
		path={
			1699 1688 1686 1682 1561 
		}
		control={
			380.000000 1171.000000 
		}
	}
	members={
		2728 2729 2730 2731 2732 2726 1084 2727 1109 1246 2738 1106 1107 1108 2737 2739 1236 1238 1239 1242 1986 1992 1990 1991 1993 1995 1996 1235 1015 1994 1997 1240 1989 1243 1241 1987 1244 1988 1697 
	}
}
malay_trade={
	location=4335
	color={
		159 89 217 
	}
	outgoing={
		name="brazil_trade"
		path={
			1390 1611 2902 2888 1532 1533 763 
		}
		control={
			1816.000000 640.000000 1921.000000 682.000000 1982.000000 599.000000 2048.000000 597.000000 2067.000000 537.000000 
		}
	}
	outgoing={
		name="ecuador_trail_trade"
		path={
			1382 810 1388 2945 
		}
		control={
			1718.000000 641.000000 1671.000000 738.000000 
		}
	}
	members={
		4338 2002 4337 4373 4374 4377 4376 4381 4380 4379 4385 2840 4382 4383 4384 4386 4387 4392 4393 793 2841 2839 4390 4388 2946 2940 796 803 801 2941 2834 800 2902 2882 2838 2904 2888 2903 2835 2881 2883 2943 2823 4324 2944 814 811 810 4327 4330 808 807 4331 2829 4332 2828 804 805 4335 
	}
}
ecuador_trail_trade={
	location=2945
	color={
		255 187 0 
	}
	outgoing={
		name="brazil_trade"
		path={
			1388 1390 1611 2902 2888 1532 1533 763 
		}
		control={
			1681.000000 740.000000 1752.000000 677.000000 1935.000000 743.000000 1976.000000 710.000000 1975.000000 640.000000 2061.000000 595.000000 2075.000000 579.000000 2077.000000 564.000000 2097.000000 530.000000 
		}
	}
	outgoing={
		name="colombia_trade"
		path={
			4326 818 4323 4605 4270 4264 4607 824 827 
		}
		control={
			1624.000000 878.000000 1623.000000 904.000000 1612.000000 920.000000 1623.000000 949.000000 1626.000000 962.000000 1622.000000 979.000000 
		}
	}
	members={
		2821 2824 816 817 819 4319 4316 2820 4317 820 4604 4323 4318 818 4320 4605 4267 815 4326 4325 821 2945 4305 4300 4298 4288 4289 4293 4294 4299 4304 4302 4301 4306 4307 4308 4303 4296 4297 4309 4311 4310 
	}
}
bengali_bay_trade={
	location=1342
	color={
		28 90 156 
	}
	outgoing={
		name="arabian_sea_trade"
		path={
			1340 1338 
		}
		control={
			4050.000000 700.000000 
		}
	}
	outgoing={
		name="the_golden_cape_trade"
		path={
			1340 1453 1458 
		}
		control={
			3850.000000 500.000000 3500.000000 450.000000 3450.000000 350.000000 3350.000000 200.000000 
		}
	}
	outgoing={
		name="new_india_trade"
		path={
			556 
		}
		control={
			4050.000000 1000.000000 4025.000000 1100.000000 
		}
	}
	members={
		572 2099 2100 2026 540 4414 4420 539 4418 4419 543 4422 4423 541 532 542 4439 547 2084 4448 552 2049 2043 4476 561 564 2091 567 562 566 563 2044 558 2047 1948 553 4437 4442 2050 546 2082 568 579 2402 1342 
	}
}
new_india_trade={
	location=522
	color={
		11 105 7 
	}
	outgoing={
		name="greater_caspian_trade"
		path={
			2909 758 1399 1533 763 
		}
		control={
			3954.000000 1137.000000 
		}
	}
	members={
		522 2061 524 525 2093 740 4461 4460 550 2059 556 551 4469 560 524 555 2094 2055 2070 557 2058 2087 519 2060 2061 514 2066 512 513 2072 2079 506 507 510 2075 4511 508 2227 2226 451 448 577 
	}
}
arabian_sea_trade={
	location=1336
	color={
		230 18 18 
	}
	outgoing={
		name="occident_interior_trade"
		path={
			1331 4333 1329 
		}
		control={
			3650.000000 1075.000000 3550.000000 1150.000000 3450.000000 1250.000000 
		}
	}
	outgoing={
		name="the_abyssinian_trade"
		path={
			4346 
		}
		control={
			3725.000000 950.000000 3625.000000 850.000000 
		}
	}
	outgoing={
		name="the_swahili_coast_trade"
		path={
			1451 1447 
		}
		control={
			3625.000000 850.000000 3600.000000 700.000000 
		}
	}
	members={
		400 403 399 404 395 394 408 4342 4329 430 2223 2219 2218 431 2220 434 2233 2232 575 2231 576 504 4503 2088 503 4456 4454 2054 2051 517 526 527 545 529 544 2034 530 569 2030 2033 531 2029 533 534 4412 4410 536 1336 
	}
}
greater_caspian_trade={
	location=428
	color={
		235 227 21 
	}
	outgoing={
		name="occident_interior_trade"
		path={
			413 378 
		}
		control={
			3449.000000 1298.000000 
		}
	}
	members={
		2309 2310 410 2311 4290 4291 415 411 4295 2307 413 2206 416 2202 424 421 419 2212 2215 414 428 2213 2216 427 2214 4341 429 2222 4334 4336 433 2234 432 436 2221 2350 2224 446 445 444 2229 449 450 2225 417 435 
	}
}
the_great_north_trade={
	location=1975
	color={
		220 138 57 
	}
	outgoing={
		name="saint_lawrence_gulf_trade"
		path={
			1478 1477 1610 1924 1482 1493 1490 
		}
		control={
			2824.000000 1683.000000 2775.000000 1727.000000 2702.000000 1764.000000 2514.919922 1648.989990 2278.000000 1630.000000 1975.000000 1786.000000 
		}
	}
	outgoing={
		name="mediterranean_trade"
		path={
			1460 1462 
		}
		control={
			2923.000000 1513.000000 
		}
	}
	members={
		177 168 4389 183 182 93 1743 87 2975 1744 97 98 100 94 1876 4743 1762 1758 86 1874 44 62 61 1763 60 52 50 2969 49 2993 1858 47 43 46 1775 13 15 1984 4149 4142 12 17 23 4143 6 3 1 20 9 4113 27 233 4371 236 237 239 242 4367 4375 247 246 249 248 250 252 4364 1979 4121 376 374 4378 4366 1975 2472 2458 2689 
	}
}
occident_interior_trade={
	location=1313
	color={
		66 236 245 
	}
	outgoing={
		name="the_songhai_trade"
		path={
			1460 1462 
		}
		control={
			2830.000000 1060.000000 
		}
	}
	outgoing={
		name="mediterranean_trade"
		path={
			1460 1462 
		}
		control={
			3116.000000 1277.000000 
		}
	}
	members={
		159 1756 283 286 284 463 422 330 331 2305 329 2308 377 2313 1849 382 405 378 379 364 365 4268 365 383 4292 2306 4269 384 2329 385 2331 386 4279 391 390 4280 4283 402 401 2342 2204 423 1313 
	}
}
mediterranean_trade={
	location=1293
	color={
		157 50 168 
	}
	outgoing={
		name="setonese_trade"
		path={
			1295 1567 1572 1571 
		}
		control={
			2996.000000 1372.000000 2823.000000 1307.000000 2415.000000 1276.000000 2216.000000 1268.000000 1791.000000 1340.000000 1722.000000 1346.000000 
		}
	}
	outgoing={
		name="shoguns_trade"
		path={
			1295 1567 1572 1312 
		}
		control={
			2972.000000 1375.000000 2644.000000 1321.000000 2220.000000 1346.000000 1814.000000 1368.000000 
		}
	}
	outgoing={
		name="saint_lawrence_gulf_trade"
		path={
			4161 202 198 1291 1289 1479 1498 1497 1496 1493 981 229 1491 
		}
		control={
			2937.000000 1399.000000 2798.000000 1364.000000 2668.000000 1522.000000 2050.000000 1646.000000 1989.000000 1769.000000 1960.000000 1779.000000 1935.000000 1777.000000 1912.000000 1759.000000 
		}
	}
	members={
		4697 195 198 202 4391 199 179 192 4720 165 74 189 4712 77 1872 71 110 1868 65 76 64 2955 4709 1768 1863 132 134 133 1770 265 2968 267 2967 1771 266 2970 4237 153 131 140 4239 139 141 1831 137 148 1765 2750 149 193 1308 1293 
	}
}
the_swahili_coast_trade={
	location=1448
	color={
		57 128 63 
	}
	outgoing={
		name="the_abyssinian_trade"
		path={
			1446 4346 
		}
		control={
			3500.000000 650.000000 3625.000000 850.000000 
		}
	}
	outgoing={
		name="the_golden_cape_trade"
		path={
			1456 
		}
		control={
			3450.000000 450.000000 3450.000000 350.000000 3350.000000 200.000000 
		}
	}
	members={
		1182 1183 1186 1192 788 1195 4029 1193 1792 4026 4025 4031 1194 4023 4024 4020 4049 1198 1196 1201 1200 1203 2796 2775 1205 2795 2024 1206 2788 4052 2780 2784 2792 2789 2786 1103 1102 1100 1099 1101 1248 1999 1448 
	}
}
the_abyssinian_trade={
	location=1331
	color={
		152 117 161 
	}
	outgoing={
		name="the_songhai_trade"
		path={
			1224 1219 2271 
		}
		control={
			3300.000000 1100.000000 3100.000000 900.000000 2950.000000 1050.000000 
		}
	}
	members={
		2790 1209 2793 1207 1210 1212 1211 1215 2756 2760 1213 1214 2767 2765 2757 2762 1224 2772 1227 2766 1230 1217 4033 1226 1232 2324 2323 1234 1228 1229 2798 1220 1222 1216 1221 2802 2801 1219 1331 
	}
}
the_golden_cape_trade={
	location=1459
	color={
		245 208 61 
	}
	outgoing={
		name="the_west_coast_trade"
		path={
			1460 1462 
		}
		control={
			3050.000000 50.000000 
		}
	}
	members={
		2864 1176 1178 2880 1179 833 1180 2856 4782 1181 789 4783 4781 1800 4784 1184 2951 1185 1188 1191 4040 4047 4046 4050 4045 4044 4041 1187 4038 4034 4048 4035 4036 4042 4037 1459 
	}
}
the_songhai_trade={
	location=1132
	color={
		188 245 242 
	}
	outgoing={
		name="the_west_coast_trade"
		path={
			1460 1462 
		}
		control={
			2673.179932 847.140015 
		}
	}
	members={
		2244 2243 1123 1120 1124 1125 2252 2250 1134 1131 2246 1132 2247 1129 1128 2254 2256 2292 1142 1137 1135 1133 2269 2271 1130 1145 1154 1249 1150 1149 1148 2272 2274 2279 2275 2277 2280 1160 1157 1158 2287 2288 2932 774 
	}
}
the_west_coast_trade={
	location=1468
	color={
		245 243 188 
	}
	outgoing={
		name="greater_antilles_trade"
		path={
			1224 1219 2271 
		}
		control={
			1815.000000 1210.000000 
		}
	}
	outgoing={
		name="antillean_trade"
		path={
			1584 1577 1576 1523 
		}
		control={
			1989.000000 1055.000000 
		}
	}
	outgoing={
		name="brazil_trade"
		path={
			1584 1596 4409 1533 763 
		}
		control={
			2368.000000 521.000000 2413.000000 473.000000 2440.000000 379.000000 2243.000000 374.000000 
		}
	}
	members={
		1112 1115 1116 1113 1117 2239 1114 2241 1118 2251 2242 1119 1126 1138 2258 1139 1141 1144 2290 1146 2289 1147 2294 1151 1163 1097 1306 1164 1165 4078 1166 4079 4080 1168 1167 1172 1174 1173 1175 1177 1096 4565 366 368 367 1464 1468 
	}
}
brazil_trade={
	location=763
	color={
		0 156 55 
	}
	outgoing={
		name="antillean_trade"
		path={
			1533 1399 1357 2929 2890 747 2936 2937 744 743 2803 1522 1523 
		}
		control={
			2124.000000 542.000000 2111.389893 581.010010 2089.000000 682.000000 2072.000000 828.000000 2029.000000 945.000000 
		}
	}
	members={
		2858 2855 2887 2859 4394 4395 763 2894 764 2896 4404 4399 4398 2895 4396 768 2897 4397 776 775 2893 2920 2906 2907 4406 4405 4407 2891 2892 765 4408 2899 761 4409 4411 4421 4417 4424 4413 4425 4416 4415 4426 4427 762 4429 4428 4430 4431 2905 2909 4372 758 2908 2911 1098 
	}
}
antillean_trade={
	location=1523
	color={
		209 232 215 
	}
	outgoing={
		name="greater_antilles_trade"
		path={
			1383 1526 1384 1524 1503 1505 
		}
		control={
			1651.000000 1141.000000 1632.810059 1176.160034 1654.000000 1202.000000 1591.000000 1238.000000 
		}
	}
	outgoing={
		name="colombia_trade"
		path={
			1520 2808 2807 4611 4610 4249 4600 827 
		}
		control={
			1712.000000 1081.000000 1693.000000 1050.000000 1690.000000 1039.000000 1684.000000 1025.000000 1629.000000 1013.000000 
		}
	}
	members={
		4222 4216 4217 4218 2658 4229 4223 490 2659 4230 4620 4621 4220 4219 4221 4231 492 4232 4240 4238 493 4241 4242 4243 496 495 494 4244 497 498 499 500 4245 501 4287 4285 741 4616 831 4612 4609 2808 4277 491 2807 4611 1523 
	}
}
colombia_trade={
	location=827
	color={
		206 17 38 
	}
	outgoing={
		name="yucatan_trade"
		path={
			4257 2819 835 4224 4104 4103 2661 4096 4097 1513 
		}
		control={
			1536.000000 1107.000000 
		}
	}
	outgoing={
		name="gran_costa_rica_trade"
		path={
			4257 1548 1477 1549 1550 
		}
		control={
			1472.000000 990.000000 
		}
	}
	members={
		4251 4252 2806 4273 830 4610 4249 4601 4249 4250 829 4173 4247 4248 828 4087 4600 4599 2984 2819 827 4257 4596 826 4258 4259 4261 823 4271 4607 824 832 825 4264 4263 4266 2818 2817 4270 4260 4262 4265 2985 
	}
}
setonese_trade={
	location=1571
	color={
		224 172 74 
	}
	outgoing={
		name="greater_antilles_trade"
		path={
			1460 1462 
		}
		control={
			1650.000000 1340.000000 1582.000000 1313.000000 1559.000000 1292.000000 
		}
	}
	outgoing={
		name="tidewater_trade"
		path={
			1460 1462 
		}
		control={
			1692.000000 1429.000000 
		}
	}
	outgoing={
		name="shoguns_trade"
		path={
			1312 1028 
		}
		control={
			1748.000000 1374.000000 
		}
	}
	members={
		39 1012 37 42 4181 1014 41 4180 63 1819 66 4186 69 67 68 1820 70 1825 78 4184 79 1019 1021 4187 84 4359 1832 1020 85 105 88 82 1571 
	}
}
greater_antilles_trade={
	location=1505
	color={
		123 255 28 
	}
	outgoing={
		name="veracruz_trade"
		path={
			1460 1462 
		}
		control={
			1457.000000 1246.000000 
		}
	}
	outgoing={
		name="alabaman_trade"
		path={
			1460 1462 
		}
		control={
			1499.000000 1307.000000 
		}
	}
	outgoing={
		name="empresia_trade"
		path={
			1460 1462 
		}
		control={
			1391.000000 1281.000000 
		}
	}
	outgoing={
		name="grande_trade"
		path={
			1460 1462 
		}
		control={
			1428.000000 1305.000000 
		}
	}
	members={
		2535 10 8 7 11 926 14 4 2 5 2536 4130 4141 4145 4144 4150 482 4147 4148 483 4151 4157 487 4154 4152 4160 4162 4624 4163 484 4158 4164 4165 4166 4622 4167 4168 4169 4623 4171 485 4175 2656 4246 4200 4201 4202 4203 2655 486 4205 4204 2654 4206 489 4207 4619 4209 4618 4210 4214 4215 488 4208 4174 1505 
	}
}
hudson_bay_trade={
	location=1487
	color={
		245 66 96 
	}
	outgoing={
		name="superior_trade"
		path={
			1460 1462 
		}
		control={
			1525.000000 1847.000000 1560.000000 1768.000000 1526.000000 1707.000000 
		}
	}
	outgoing={
		name="saint_lawrence_gulf_trade"
		path={
			1460 1462 
		}
		control={
			1606.000000 1889.000000 1730.000000 1856.000000 1791.000000 1816.000000 1868.000000 1761.000000 
		}
	}
	members={
		261 263 271 274 2574 254 255 256 258 2382 2383 2384 2380 2381 998 2379 999 1000 1003 314 303 315 1004 316 2592 317 1005 2107 1006 2108 2378 2377 2375 2376 1487 
	}
}
saint_lawrence_gulf_trade={
	location=1491
	color={
		67 3 99 
	}
	outgoing={
		name="grand_lawrence_trade"
		path={
			1460 1462 
		}
		control={
			1822.000000 1711.000000 1768.000000 1730.000000 1754.000000 1722.000000 1724.000000 1705.000000 1718.000000 1698.000000 1709.000000 1687.000000 1695.000000 1677.000000 1672.000000 1666.000000 1668.000000 1666.000000 1662.000000 1664.000000 1660.000000 1660.000000 1648.000000 1646.000000 1623.000000 1628.000000 1603.760010 1613.930054 
		}
	}
	outgoing={
		name="tidewater_trade"
		path={
			1460 1462 
		}
		control={
			1882.000000 1682.000000 1893.000000 1653.000000 1803.000000 1612.000000 
		}
	}
	outgoing={
		name="levant_trade"
		path={
			1460 1462 
		}
		control={
			1801.000000 1681.000000 1800.000000 1654.000000 1773.000000 1634.000000 1730.000000 1577.000000 
		}
	}
	outgoing={
		name="shoguns_trade"
		path={
			2569 1492 1315 1314 83 4188 95 92 1843 1028 
		}
		control={
			1872.000000 1688.000000 1897.000000 1684.000000 1910.000000 1619.000000 1934.000000 1588.000000 1902.709961 1518.760010 1828.000000 1407.000000 
		}
	}
	members={
		4193 123 122 124 1847 126 128 1852 127 1031 125 129 1032 130 2568 223 984 2569 982 225 224 226 983 219 2570 218 220 985 2572 2571 234 2578 228 2573 980 227 229 981 2576 996 997 273 2575 253 251 1104 232 230 231 1105 1491 
	}
}
shoguns_trade={
	location=1028
	color={
		50 168 68 
	}
	outgoing={
		name="tidewater_trade"
		path={
			1460 1462 
		}
		control={
			1769.000000 1474.000000 
		}
	}
	members={
		1835 1030 4360 101 99 1839 89 1029 90 4189 1843 92 1028 91 4190 96 102 103 4188 95 1026 4191 1027 111 109 112 115 1025 113 121 4131 120 119 
	}
}
alaskan_trade={
	location=1561
	color={
		214 40 13 
	}
	outgoing={
		name="rockies_trade"
		path={
			1460 1462 
		}
		control={
			678.000000 1886.000000 752.000000 1831.000000 781.000000 1857.000000 916.000000 1850.000000 1018.000000 1777.000000 
		}
	}
	outgoing={
		name="cascadia_trade"
		path={
			1460 1462 
		}
		control={
			748.000000 1784.000000 
		}
	}
	members={
		2046 2484 2052 2048 2053 2056 2057 2240 2245 973 2238 2248 2610 974 2259 975 2257 2255 2249 2253 2335 2235 2236 972 2237 2228 2230 2022 2332 2333 2336 2330 2328 977 2322 2325 2326 2321 2320 2327 2319 2612 2318 2316 2317 2304 2314 2315 2312 978 2303 2297 2299 2298 2302 2300 2301 2611 2295 2296 2286 2293 2291 979 2285 2284 1561 
	}
}
piyii_path_trade={
	location=2122
	color={
		26 117 81 
	}
	outgoing={
		name="sotan_trade"
		path={
			1460 1462 
		}
		control={
			1210.000000 1768.000000 1340.000000 1709.000000 
		}
	}
	outgoing={
		name="great_plains_trade"
		path={
			1460 1462 
		}
		control={
			1206.000000 1726.000000 
		}
	}
	outgoing={
		name="rockies_trade"
		path={
			1460 1462 
		}
		control={
			1082.000000 1784.000000 
		}
	}
	outgoing={
		name="superior_trade"
		path={
			1460 1462 
		}
		control={
			1284.000000 1846.000000 
		}
	}
	members={
		2190 2017 2121 2598 2117 2115 2114 2005 2126 2116 2123 2111 2095 2125 2124 2597 2132 2122 2085 2128 2127 2130 2596 2131 2195 2203 2196 2193 2154 2135 2134 2133 2101 2105 2078 2077 2080 2081 2083 2086 2089 2096 2092 2097 57 1008 59 2098 1010 1011 2074 2076 1009 
	}
}
rockies_trade={
	location=2188
	color={
		115 73 10 
	}
	outgoing={
		name="plains_end_trade"
		path={
			1460 1462 
		}
		control={
			1035.000000 1752.000000 1052.000000 1704.000000 1058.000000 1651.000000 
		}
	}
	outgoing={
		name="great_plains_trade"
		path={
			1460 1462 
		}
		control={
			1130.000000 1710.000000 
		}
	}
	members={
		1949 1953 1954 1957 1956 1952 1951 2488 1962 2608 2487 1961 1963 1964 1965 2261 2265 2266 2267 2262 2187 2186 2189 2188 2191 2192 2602 2198 2197 2018 2003 2278 2201 2199 2603 2209 2210 2276 2273 2605 2607 2264 2260 2263 2606 2604 2282 2609 2270 2268 2339 976 2337 2338 
	}
}
great_plains_trade={
	location=478
	color={
		224 224 25 
	}
	outgoing={
		name="francia_trade"
		path={
			1460 1462 
		}
		control={
			1166.000000 1625.000000 
		}
	}
	outgoing={
		name="italian_trade"
		path={
			1460 1462 
		}
		control={
			1256.000000 1592.000000 
		}
	}
	outgoing={
		name="plains_end_trade"
		path={
			1460 1462 
		}
		control={
			1090.000000 1638.000000 
		}
	}
	outgoing={
		name="sotan_trade"
		path={
			1460 1462 
		}
		control={
			1299.000000 1681.000000 
		}
	}
	outgoing={
		name="iowa_trade"
		path={
			1460 1462 
		}
		control={
			1323.000000 1601.000000 
		}
	}
	members={
		528 523 521 520 2505 548 2504 549 537 538 2008 2503 535 478 477 475 2511 2510 509 505 479 2090 2110 502 2502 2004 656 1809 648 645 655 647 642 654 653 657 2006 652 658 659 2118 2501 1958 1959 1960 2119 2120 2185 651 650 649 
	}
}
tidewater_trade={
	location=1570
	color={
		50 168 155 
	}
	outgoing={
		name="levant_trade"
		path={
			1460 1462 
		}
		control={
			1703.000000 1516.000000 
		}
	}
	outgoing={
		name="piedmont_trade"
		path={
			1460 1462 
		}
		control={
			1619.000000 1489.000000 
		}
	}
	outgoing={
		name="hellenic_trade"
		path={
			1460 1462 
		}
		control={
			1591.000000 1455.000000 1492.000000 1458.000000 1421.000000 1485.000000 
		}
	}
	outgoing={
		name="alabaman_trade"
		path={
			1460 1462 
		}
		control={
			1617.000000 1420.000000 1465.000000 1405.000000 
		}
	}
	members={
		2543 138 2546 142 933 2545 937 150 157 166 169 938 151 152 2547 950 155 952 2550 4651 45 4182 1818 48 51 53 72 1017 73 4183 75 1018 1830 80 4185 81 1023 106 104 1837 83 1024 108 114 107 116 4192 117 118 172 953 173 176 174 957 175 2554 1570 
	}
}
piedmont_trade={
	location=164
	color={
		168 50 156 
	}
	outgoing={
		name="interior_lakes_trade"
		path={
			1460 1462 
		}
		control={
			1493.000000 1509.000000 
		}
	}
	outgoing={
		name="grand_lawrence_trade"
		path={
			1460 1462 
		}
		control={
			1593.000000 1556.000000 
		}
	}
	members={
		145 144 147 160 949 163 2549 164 167 2011 170 171 2553 196 955 2556 197 200 954 2557 2023 194 2558 956 
	}
}
levant_trade={
	location=1282
	color={
		197 222 222 
	}
	outgoing={
		name="grand_lawrence_trade"
		path={
			1460 1462 
		}
		control={
			1650.000000 1553.000000 
		}
	}
	members={
		180 962 178 181 2639 965 186 184 185 190 963 188 2560 2010 187 967 2561 966 968 969 2562 970 2564 2563 211 2013 212 214 2565 213 215 971 216 2566 217 2567 1282 
	}
}
sotan_trade={
	location=474
	color={
		11 92 0 
	}
	outgoing={
		name="superior_trade"
		path={
			1460 1462 
		}
		control={
			1437.000000 1693.000000 
		}
	}
	outgoing={
		name="iowa_trade"
		path={
			1460 1462 
		}
		control={
			1367.000000 1662.000000 1364.000000 1659.000000 1358.000000 1650.000000 1358.000000 1637.000000 1371.000000 1625.000000 1385.000000 1602.000000 1366.000000 1589.000000 
		}
	}
	outgoing={
		name="interior_lakes_trade"
		path={
			1460 1462 
		}
		control={
			1437.000000 1620.000000 
		}
	}
	members={
		420 454 912 913 2518 474 2517 908 442 441 443 470 468 452 447 2512 471 511 515 906 476 472 473 2016 191 55 910 909 2007 518 56 58 
	}
}
iowa_trade={
	location=461
	color={
		2 19 38 
	}
	outgoing={
		name="hellenic_trade"
		path={
			1460 1462 
		}
		control={
			1385.000000 1532.000000 
		}
	}
	outgoing={
		name="italian_trade"
		path={
			1460 1462 
		}
		control={
			1318.000000 1550.000000 1284.000000 1540.000000 
		}
	}
	outgoing={
		name="interior_lakes_trade"
		path={
			1460 1462 
		}
		control={
			1383.000000 1572.000000 1431.000000 1568.000000 
		}
	}
	members={
		426 457 455 458 456 396 2513 461 460 462 459 464 554 559 571 903 578 574 573 565 570 905 465 469 438 904 440 439 
	}
}
hellenic_trade={
	location=1926
	color={
		255 255 61 
	}
	outgoing={
		name="interior_lakes_trade"
		path={
			1460 1462 
		}
		control={
			1406.560059 1514.050049 1426.000000 1524.000000 1445.000000 1526.000000 
		}
	}
	outgoing={
		name="alabaman_trade"
		path={
			1460 1462 
		}
		control={
			1426.000000 1415.000000 
		}
	}
	outgoing={
		name="italian_trade"
		path={
			1460 1462 
		}
		control={
			1358.000000 1489.000000 1286.000000 1476.000000 1275.000000 1502.000000 
		}
	}
	members={
		930 136 931 2544 143 936 146 935 2548 347 941 346 940 343 348 934 939 342 2520 341 2523 350 2528 349 360 2515 359 358 357 355 356 354 353 352 373 351 375 380 387 381 361 362 899 369 370 372 363 371 902 900 917 916 898 618 617 619 890 620 621 622 891 623 1926 2672 892 
	}
}
superior_trade={
	location=298
	color={
		175 237 177 
	}
	outgoing={
		name="grand_lawrence_trade"
		path={
			1460 1462 
		}
		control={
			1550.000000 1655.000000 1576.000000 1620.000000 
		}
	}
	outgoing={
		name="interior_lakes_trade"
		path={
			1460 1462 
		}
		control={
			1514.020020 1628.060059 
		}
	}
	members={
		2579 243 240 2580 238 294 992 2581 1002 287 2671 296 991 300 302 297 2588 2589 1001 299 2590 304 298 305 2015 2591 306 307 308 1007 311 309 2593 313 312 2594 259 
	}
}
italian_trade={
	location=607
	color={
		128 217 13 
	}
	outgoing={
		name="francia_trade"
		path={
			1460 1462 
		}
		control={
			1193.000000 1569.000000 
		}
	}
	outgoing={
		name="argelino_trade"
		path={
			1460 1462 
		}
		control={
			1230.000000 1517.000000 1170.000000 1475.000000 
		}
	}
	members={
		889 626 625 624 2625 594 593 612 609 606 608 901 607 2508 603 605 604 600 598 599 2009 597 595 596 580 590 591 592 627 616 
	}
}
francia_trade={
	location=633
	color={
		13 16 217 
	}
	outgoing={
		name="goldbugger_trade"
		path={
			1460 1462 
		}
		control={
			1017.000000 1595.000000 
		}
	}
	outgoing={
		name="deseret_trade"
		path={
			1460 1462 
		}
		control={
			1114.000000 1578.000000 
		}
	}
	outgoing={
		name="plains_end_trade"
		path={
			1460 1462 
		}
		control={
			1091.000000 1612.000000 
		}
	}
	members={
		628 2507 630 631 646 629 632 633 638 639 637 635 636 1039 701 677 668 675 678 702 1038 710 714 713 676 1877 1880 1881 640 641 643 644 2506 712 1875 1925 717 634 1878 704 715 2020 1879 
	}
}
plains_end_trade={
	location=1933
	color={
		22 181 199 
	}
	outgoing={
		name="goldbugger_trade"
		path={
			1460 1462 
		}
		control={
			976.000000 1580.000000 
		}
	}
	outgoing={
		name="cascadia_trade"
		path={
			1460 1462 
		}
		control={
			942.000000 1594.000000 
		}
	}
	members={
		1933 1934 1940 1935 1936 1931 2037 2036 2039 2038 1930 1941 1944 1942 2489 1882 1901 1945 1946 1947 1937 1938 2019 2042 2040 2481 2483 2035 2073 2064 2065 2045 1955 2486 2067 2071 2069 2068 2063 2062 874 
	}
}
deseret_trade={
	location=706
	color={
		193 219 127 
	}
	outgoing={
		name="los_angeles_trade"
		path={
			1460 1462 
		}
		control={
			1052.000000 1496.000000 
		}
	}
	outgoing={
		name="argelino_trade"
		path={
			1460 1462 
		}
		control={
			1110.000000 1508.000000 
		}
	}
	outgoing={
		name="goldbugger_trade"
		path={
			1460 1462 
		}
		control={
			1000.000000 1560.000000 
		}
	}
	members={
		1078 1079 725 726 724 728 729 730 1049 1048 1047 2490 1056 1055 1054 1053 1051 1052 1050 1057 1016 731 1022 1033 1042 1041 799 798 771 767 1040 1036 1035 1034 736 733 721 739 737 708 1037 707 706 709 705 
	}
}
goldbugger_trade={
	location=1080
	color={
		169 173 149 
	}
	outgoing={
		name="los_angeles_trade"
		path={
			1460 1462 
		}
		control={
			988.000000 1477.000000 
		}
	}
	outgoing={
		name="bay_area_trade"
		path={
			1460 1462 
		}
		control={
			913.000000 1509.000000 897.000000 1508.000000 896.000000 1504.000000 
		}
	}
	members={
		1156 1161 1162 1223 1159 1808 1169 1155 1170 1171 1190 1218 1208 1153 1862 1189 1197 1202 1199 1204 716 722 720 718 719 711 1121 1111 1082 1083 1075 1074 1076 1110 1077 1081 1122 1127 1080 1136 1143 1140 1152 723 
	}
}
cascadia_trade={
	location=1283
	color={
		0 7 61 
	}
	outgoing={
		name="bay_area_trade"
		path={
			1460 1462 
		}
		control={
			864.000000 1609.000000 860.000000 1595.000000 864.000000 1579.000000 863.000000 1553.000000 875.000000 1518.000000 
		}
	}
	members={
		1867 1861 1860 1866 1871 1873 2480 2477 1870 1869 1865 1864 4638 1857 1856 1855 1985 1971 1966 1967 1968 872 2027 2032 2028 2482 1972 1974 1973 1978 1969 1970 1983 1982 2031 2485 873 1981 
	}
}
bay_area_trade={
	location=1348
	color={
		219 196 127 
	}
	outgoing={
		name="los_angeles_trade"
		path={
			1460 1462 
		}
		control={
			918.349976 1454.739990 
		}
	}
	members={
		1846 871 1844 1842 1815 1780 2479 1853 1854 1850 1848 1826 1823 1817 1851 1834 1841 1828 2021 1827 4636 1778 1776 1767 1769 1748 1745 1773 1774 870 4637 1742 1273 1247 1231 1233 1225 1348 
	}
}
alabaman_trade={
	location=1280
	color={
		177 0 33 
	}
	outgoing={
		name="grande_trade"
		path={
			1460 1462 
		}
		control={
			1398.000000 1378.000000 1321.000000 1369.000000 
		}
	}
	outgoing={
		name="argelino_trade"
		path={
			1460 1462 
		}
		control={
			1425.000000 1391.000000 1359.000000 1416.000000 1303.000000 1401.000000 1196.000000 1415.000000 
		}
	}
	members={
		4627 888 884 2681 2682 2679 2685 2686 2687 2684 2688 2665 2669 2693 2692 2690 2691 2516 2695 2696 893 2014 2529 921 2530 923 31 2533 30 28 29 32 34 928 927 35 25 24 26 2534 2675 2677 2683 2680 4626 18 16 4625 22 19 21 1280 
	}
}
gran_costa_rica_trade={
	location=1550
	color={
		0 43 127 
	}
	outgoing={
		name="veracruz_trade"
		path={
			1460 1462 
		}
		control={
			1355.000000 1166.000000 
		}
	}
	outgoing={
		name="yucatan_trade"
		path={
			1460 1462 
		}
		control={
			1436.000000 1112.000000 
		}
	}
	outgoing={
		name="bajio_trade"
		path={
			1460 
		}
		control={
			1214.000000 1130.000000 
		}
	}
	members={
		3003 4021 2627 4572 2645 4571 4027 2997 4581 4022 2648 849 2646 847 4028 4030 844 4032 2649 4039 4053 4043 4059 4051 4586 2638 4587 4090 4089 2653 4091 841 4100 4101 839 4092 2640 4093 837 4109 4108 4106 4107 2660 4110 4111 2663 4114 4119 836 4122 4592 4088 1550 
	}
}
bajio_trade={
	location=4579
	color={
		31 11 54 
	}
	outgoing={
		name="veracruz_trade"
		path={
			1460 1462 
		}
		control={
			1297.000000 1169.000000 
		}
	}
	outgoing={
		name="empresia_trade"
		path={
			1460 1462 
		}
		control={
			1200.000000 1240.000000 
		}
	}
	outgoing={
		name="baja_bay_trade"
		path={
			1460 1462 
		}
		control={
			1135.000000 1221.000000 
		}
	}
	members={
		2800 2948 4645 2949 2950 2799 856 4643 2979 2978 2977 857 2976 4642 2615 2980 2959 2617 2954 2952 4640 2621 2966 2971 2972 4573 2626 4578 2956 2957 2958 854 2960 2965 4579 2964 4576 2657 2973 2962 4580 2974 4574 2643 4575 2624 2622 2623 851 2996 2642 
	}
}
baja_bay_trade={
	location=1553
	color={
		170 68 0 
	}
	outgoing={
		name="los_angeles_trade"
		path={
			1460 1462 
		}
		control={
			1018.000000 1387.000000 994.000000 1429.000000 
		}
	}
	outgoing={
		name="argelino_trade"
		path={
			1460 1462 
		}
		control={
			1098.000000 1415.000000 
		}
	}
	outgoing={
		name="grande_trade"
		path={
			1460 1462 
		}
		control={
			1176.000000 1360.000000 
		}
	}
	outgoing={
		name="empresia_trade"
		path={
			1460 1462 
		}
		control={
			1194.000000 1279.000000 
		}
	}
	members={
		867 2390 2391 2393 2392 2394 2395 2620 2397 2398 2404 2401 2403 2405 2406 2408 865 2412 2409 2410 2413 2415 2414 2416 866 516 1750 2417 2423 2698 2697 4577 2616 2703 2702 2701 862 4650 2704 2706 2705 4649 2700 2717 4646 2716 2699 2424 1553 
	}
}
grande_trade={
	location=2473
	color={
		191 204 18 
	}
	outgoing={
		name="argelino_trade"
		path={
			1460 1462 
		}
		control={
			1178.000000 1390.000000 
		}
	}
	outgoing={
		name="empresia_trade"
		path={
			1460 1462 
		}
		control={
			1246.000000 1326.000000 
		}
	}
	members={
		2783 2782 2781 2779 2667 2770 2769 2768 2759 2715 863 2709 2428 2432 2433 881 2438 2439 2460 2461 2462 4628 2464 2463 2498 2466 2467 2666 2470 2469 2468 2471 2499 2474 2473 2445 2440 882 2444 2442 2456 2459 2497 2465 4629 2674 2475 883 2708 2707 2710 2711 2712 4644 2713 2714 
	}
}
argelino_trade={
	location=2495
	color={
		0 102 48 
	}
	outgoing={
		name="los_angeles_trade"
		path={
			1460 1462 
		}
		control={
			1067.000000 1461.000000 
		}
	}
	members={
		886 2500 2678 2676 2673 2455 2457 2453 2454 2452 2451 885 2449 2450 2448 2443 4630 2496 4631 1812 2446 4632 2495 2437 2436 2494 2435 2434 2492 2431 4634 876 2493 2421 2420 2419 2418 2109 2211 2281 2283 875 877 2422 4633 879 2429 2430 2427 2426 
	}
}
empresia_trade={
	location=2776
	color={
		207 181 59 
	}
	outgoing={
		name="veracruz_trade"
		path={
			1460 1462 
		}
		control={
			1298.000000 1239.000000 
		}
	}
	members={
		2740 2741 2742 2745 859 2721 855 2720 2722 2751 2749 2747 4647 2723 2724 4648 2752 2753 2754 2758 2755 860 2618 2725 2746 2718 2719 864 2763 2764 2761 2773 861 2774 4606 2771 2778 2776 2619 2777 2614 2785 2668 858 2797 2794 2787 2791 
	}
}
yucatan_trade={
	location=1513
	color={
		62 212 165 
	}
	outgoing={
		name="veracruz_trade"
		path={
			1460 1462 
		}
		control={
			1416.000000 1159.000000 
		}
	}
	members={
		2633 846 4068 4067 4070 4069 2652 4071 4072 4073 4066 4591 4590 2634 4588 4074 4075 4076 843 4081 4077 4082 4083 4084 4060 2635 842 4589 4086 4594 2636 4085 4098 4097 2637 4593 4099 2662 4096 4095 2661 4094 840 838 4102 4103 4104 4105 4112 4117 4597 4118 4120 4595 4123 4126 4124 2664 4129 4128 835 1513 
	}
}
veracruz_trade={
	location=4333
	color={
		0 113 185 
	}
	members={
		2641 2983 2994 853 850 4583 2644 4598 2987 848 2986 2628 2647 2630 2988 2989 2990 2631 2991 4055 4056 4057 4058 2632 4061 2650 4062 845 4063 4065 4064 2651 2982 4641 2981 2995 2992 4570 852 2998 2999 3000 3002 3001 4582 4584 4054 4585 1510 2629 4333 
	}
	end=yes
}
los_angeles_trade={
	location=1354
	color={
		181 127 219 
	}
	members={
		1746 1749 869 1747 1759 1754 1753 2478 1751 1755 1760 1757 1761 1764 1067 1064 1063 1062 1066 1065 1061 1060 1058 1059 1044 1045 1046 2407 2385 2386 2387 2388 2476 4639 2389 1766 1777 1073 1072 1071 1068 1070 1069 727 1043 1354 868
	}
	end=yes
}
interior_lakes_trade={
	location=1274
	color={
		50 52 168 
	}
	outgoing={
		name="grand_lawrence_trade"
		path={
			1460 1462 
		}
		control={
			1479.000000 1540.000000 1527.000000 1570.000000 1552.000000 1590.000000 1571.000000 1597.000000 1576.000000 1612.000000 
		}
	}
	members={
		318 319 320 321 322 945 323 324 2522 325 326 328 327 2521 332 944 333 943 946 336 334 335 947 2555 207 2551 340 948 2525 338 337 388 2519 392 389 393 915 397 398 406 407 409 412 453 914 418 425 911 951 2526 339 345 344 2524 1274 
	}
}
grand_lawrence_trade={
	location=1659
	color={
		168 60 50 
	}
	members={
		276 2587 282 2586 279 277 987 2670 285 288 988 2585 290 291 989 292 993 235 990 994 241 995 2577 244 245 958 203 201 206 961 959 960 205 964 2559 204 222 2012 209 208 2584 210 2583 2582 986 221 1659 
	}
	end=yes
}
